1110000000000000000000000000000000000000
1111000000000000000000000000000000000000
1111120000000000000000000000000000000000
1111110000000000000000000000000000000000
1111111000000000000000000000000000000000
1111111100000000000000000000000000000000
1111111112000000000000000000000000000000
1111111111000000000000000000000000000000
1111111111120000000000000000000000000000
1111111111110000000000000000000000000000
1111111111111000000000000000000000000000
1111111111111120000000000000000000000000
1111111111111110000000000000000000000000
1111111111111111000000000000000000000000
1111111111111111100000000000000000000000
1111111111111111112000000000000000000000
1111111111111111111000000000000000000000
1111111111111111111100000000000000000000
1111111111111111111112000000000000000000
1111111111111111111110000000000000000000
1111111111111111111112000000000000000000
1111111111111111111110000000000000000000
1111111111111111111112000000000000000000
1111111111111111111100000000000000000000
1111111111111111111000000000000000000000
1111111111111111110000000000000000000000
1111111111111111120000000000000000000000
1111111111111111000000000000000000000000
1111111111111110000000000000000000000000
1111111111111120000000000000000000000000
1111111111111200000000000000000000000000
1111111111110000000000000000000000000000
1111111111120000000000000000000000000000
1111111111000000000000000000000000000000
1111111112000000000000000000000000000000
1111111100000000000000000000000000000000
1111111200000000000000000000000000000000
1111110000000000000000000000000000000000
1111120000000000000000000000000000000000
1110000000000000000000000000000000000000
