1110000000000000000000000000000000000000
1110000000000000000000000000000000000000
1110000000000000000000000000000000000000
1112000000000000000000000000000000000000
1110000000000000000000000000000000000000
1112000000000000000000000000000000000000
1110000000000000000000000000000000000000
1110000000000000000000000000000000000000
1112000000000000000000000000000000000000
1110000000000000000000000000000000000000
1110000000000000000000000000000000000000
1110000000000000000000000000000000000000
1110000000000000000000000000000000000000
1110000000000000000000000000000000000000
1110000000000000000000000000000000000000
1112000000000000000000000000000000000000
1110000000000000000000000000000000000000
1110000000000000000000000000000000000000
1110000000000000000000000000000000000000
1110000000000000000000000000000000000000
1110000000000000000000000000000000000000
1110000000000000000000000000000000000000
1112000000000000000000000000000000000000
1110000000000000000000000000000000000000
1110000000000000000000000000000000000000
1110000000000000000000000000000000000000
1110000000000000000000000000000000000000
1110000000000000000000000000000000000000
1112000000000000000000000000000000000000
1110000000000000000000000000000000000000
1110000000000000000000000000000000000000
1110000000000000000000000000000000000000
1110000000000000000000000000000000000000
1112000000000000000000000000000000000000
1110000000000000000000000000000000000000
1110000000000000000000000000000000000000
1110000000000000000000000000000000000000
1112000000000000000000000000000000000000
1110000000000000000000000000000000000000
1110000000000000000000000000000000000000