1110000000000000000000000000000000000000
1110000000000000000000000000000000000000
1111200000000000000000000000000000000000
1111100000000000000000000000000000000000
1111100000000000000000000000000000000000
1111120000000000000000000000000000000000
1111110000000000000000000000000000000000
1111111000000000000000000000000000000000
1111111200000000000000000000000000000000
1111111100000000000000000000000000000000
1111111120000000000000000000000000000000
1111111100000000000000000000000000000000
1111111120000000000000000000000000000000
1111111120000000000000000000000000000000
1111111100000000000000000000000000000000
1111111100000000000000000000000000000000
1111111120000000000000000000000000000000
1111111100000000000000000000000000000000
1111110000000000000000000000000000000000
1111110000000000000000000000000000000000
1111110000000000000000000000000000000000
1111110000000000000000000000000000000000
1111111000000000000000000000000000000000
1111110000000000000000000000000000000000
1111112000000000000000000000000000000000
1111110000000000000000000000000000000000
1111120000000000000000000000000000000000
1111100000000000000000000000000000000000
1111120000000000000000000000000000000000
1111100000000000000000000000000000000000
1111120000000000000000000000000000000000
1111100000000000000000000000000000000000
1111120000000000000000000000000000000000
1111000000000000000000000000000000000000
1111200000000000000000000000000000000000
1110000000000000000000000000000000000000
1112000000000000000000000000000000000000
1110000000000000000000000000000000000000
1112000000000000000000000000000000000000
1110000000000000000000000000000000000000